
[DEBUG]: Loading shader files: 
         Loaded shader: [vertexFile=VI.vs, fragmentFile=VI.fs] from subfolder: BasicEntityShader/
         Loaded shader: [vertexFile=VI.vs, fragmentFile=VI.fs] from subfolder: TexturedEntityShader/
AbstractShader: got uniformLocation: transformationMatrix
AbstractShader: got uniformLocation: projectionMatrix
AbstractShader: got uniformLocation: useProjectionMatrix
AbstractShader: got uniformLocation: viewMatrix
AbstractShader: got uniformLocation: useViewMatrix
         Loaded shader: [vertexFile=default.vs, fragmentFile=default.fs] from subfolder: BasicModelShader/
AbstractShader: got uniformLocation: transformationMatrix
AbstractShader: got uniformLocation: projectionMatrix
AbstractShader: got uniformLocation: useProjectionMatrix
AbstractShader: got uniformLocation: viewMatrix
AbstractShader: got uniformLocation: useViewMatrix
         Loaded shader: [vertexFile=default.vs, fragmentFile=default.fs] from subfolder: TexturedModelShader/
AbstractShader: got Matrix4f: 1.4281479 0.0 0.0 0.0
0.0 2.5389297 0.0 0.0
0.0 0.0 1.0001999 0.20002
0.0 0.0 -1.0 0.0

AbstractShader: got boolean: true
AbstractShader: got Matrix4f: 1.4281479 0.0 0.0 0.0
0.0 2.5389297 0.0 0.0
0.0 0.0 1.0001999 0.20002
0.0 0.0 -1.0 0.0

AbstractShader: got boolean: true
[DEBUG]: Language file loaded: RES/RESLanguageFiles/language_IT

[DEBUG]: Starting main loop.
AbstractShader: got Matrix4f: 1.0 0.0 0.0 0.0
0.0 1.0 0.0 0.0
0.0 0.0 1.0 0.0
0.0 0.0 0.0 1.0

AbstractShader: got boolean: true
AbstractShader: got Matrix4f: 1.0 0.0 0.0 0.0
0.0 1.0 0.0 0.0
0.0 0.0 1.0 0.0
0.0 0.0 0.0 1.0

AbstractShader: got boolean: true
AbstractShader: got Matrix4f: 0.9998477 0.0 0.017452406 0.0
0.0 1.0 0.0 -2.0
-0.017452406 0.0 0.9998477 -50.0
0.0 0.0 0.0 1.0

AbstractShader: got Matrix4f: 1.0 0.0 0.0 0.0
0.0 1.0 0.0 0.0
0.0 0.0 1.0 0.0
0.0 0.0 0.0 1.0

AbstractShader: got boolean: true
AbstractShader: got Matrix4f: 1.0 0.0 0.0 0.0
0.0 1.0 0.0 0.0
0.0 0.0 1.0 0.0
0.0 0.0 0.0 1.0

AbstractShader: got boolean: true
AbstractShader: got Matrix4f: 0.99939084 0.0 0.034899496 0.0
0.0 1.0 0.0 -2.0
-0.034899496 0.0 0.99939084 -50.0
0.0 0.0 0.0 1.0

AbstractShader: got Matrix4f: 1.0 0.0 0.0 0.0
0.0 1.0 0.0 0.0
0.0 0.0 1.0 0.0
0.0 0.0 0.0 1.0

AbstractShader: got boolean: true
AbstractShader: got Matrix4f: 1.0 0.0 0.0 0.0
0.0 1.0 0.0 0.0
0.0 0.0 1.0 0.0
0.0 0.0 0.0 1.0

AbstractShader: got boolean: true
AbstractShader: got Matrix4f: 0.9986295 0.0 0.05233596 0.0
0.0 1.0 0.0 -2.0
-0.05233596 0.0 0.9986295 -50.0
0.0 0.0 0.0 1.0

AbstractShader: got Matrix4f: 1.0 0.0 0.0 0.0
0.0 1.0 0.0 0.0
0.0 0.0 1.0 0.0
0.0 0.0 0.0 1.0

AbstractShader: got boolean: true
AbstractShader: got Matrix4f: 1.0 0.0 0.0 0.0
0.0 1.0 0.0 0.0
0.0 0.0 1.0 0.0
0.0 0.0 0.0 1.0

AbstractShader: got boolean: true
AbstractShader: got Matrix4f: 0.9975641 0.0 0.06975647 0.0
0.0 1.0 0.0 -2.0
-0.06975647 0.0 0.9975641 -50.0
0.0 0.0 0.0 1.0

AbstractShader: got Matrix4f: 1.0 0.0 0.0 0.0
0.0 1.0 0.0 0.0
0.0 0.0 1.0 0.0
0.0 0.0 0.0 1.0

AbstractShader: got boolean: true
AbstractShader: got Matrix4f: 1.0 0.0 0.0 0.0
0.0 1.0 0.0 0.0
0.0 0.0 1.0 0.0
0.0 0.0 0.0 1.0

AbstractShader: got boolean: true
AbstractShader: got Matrix4f: 0.9961947 0.0 0.08715574 0.0
0.0 1.0 0.0 -2.0
-0.08715574 0.0 0.9961947 -50.0
0.0 0.0 0.0 1.0

AbstractShader: got Matrix4f: 1.0 0.0 0.0 0.0
0.0 1.0 0.0 0.0
0.0 0.0 1.0 0.0
0.0 0.0 0.0 1.0

AbstractShader: got boolean: true
AbstractShader: got Matrix4f: 1.0 0.0 0.0 0.0
0.0 1.0 0.0 0.0
0.0 0.0 1.0 0.0
0.0 0.0 0.0 1.0

AbstractShader: got boolean: true
AbstractShader: got Matrix4f: 0.9945219 0.0 0.104528464 0.0
0.0 1.0 0.0 -2.0
-0.104528464 0.0 0.9945219 -50.0
0.0 0.0 0.0 1.0

AbstractShader: got Matrix4f: 1.0 0.0 0.0 0.0
0.0 1.0 0.0 0.0
0.0 0.0 1.0 0.0
0.0 0.0 0.0 1.0

AbstractShader: got boolean: true
AbstractShader: got Matrix4f: 1.0 0.0 0.0 0.0
0.0 1.0 0.0 0.0
0.0 0.0 1.0 0.0
0.0 0.0 0.0 1.0

AbstractShader: got boolean: true
AbstractShader: got Matrix4f: 0.99254614 0.0 0.12186935 0.0
0.0 1.0 0.0 -2.0
-0.12186935 0.0 0.99254614 -50.0
0.0 0.0 0.0 1.0

AbstractShader: got Matrix4f: 1.0 0.0 0.0 0.0
0.0 1.0 0.0 0.0
0.0 0.0 1.0 0.0
0.0 0.0 0.0 1.0

AbstractShader: got boolean: true
AbstractShader: got Matrix4f: 1.0 0.0 0.0 0.0
0.0 1.0 0.0 0.0
0.0 0.0 1.0 0.0
0.0 0.0 0.0 1.0

AbstractShader: got boolean: true
AbstractShader: got Matrix4f: 0.99026805 0.0 0.1391731 0.0
0.0 1.0 0.0 -2.0
-0.1391731 0.0 0.99026805 -50.0
0.0 0.0 0.0 1.0

AbstractShader: got Matrix4f: 1.0 0.0 0.0 0.0
0.0 1.0 0.0 0.0
0.0 0.0 1.0 0.0
0.0 0.0 0.0 1.0

AbstractShader: got boolean: true
AbstractShader: got Matrix4f: 1.0 0.0 0.0 0.0
0.0 1.0 0.0 0.0
0.0 0.0 1.0 0.0
0.0 0.0 0.0 1.0

AbstractShader: got boolean: true
AbstractShader: got Matrix4f: 0.98768836 0.0 0.15643448 0.0
0.0 1.0 0.0 -2.0
-0.15643448 0.0 0.98768836 -50.0
0.0 0.0 0.0 1.0

AbstractShader: got Matrix4f: 1.0 0.0 0.0 0.0
0.0 1.0 0.0 0.0
0.0 0.0 1.0 0.0
0.0 0.0 0.0 1.0

AbstractShader: got boolean: true
AbstractShader: got Matrix4f: 1.0 0.0 0.0 0.0
0.0 1.0 0.0 0.0
0.0 0.0 1.0 0.0
0.0 0.0 0.0 1.0

AbstractShader: got boolean: true
AbstractShader: got Matrix4f: 0.9848077 0.0 0.17364818 0.0
0.0 1.0 0.0 -2.0
-0.17364818 0.0 0.9848077 -50.0
0.0 0.0 0.0 1.0

AbstractShader: got Matrix4f: 1.0 0.0 0.0 0.0
0.0 1.0 0.0 0.0
0.0 0.0 1.0 0.0
0.0 0.0 0.0 1.0

AbstractShader: got boolean: true
AbstractShader: got Matrix4f: 1.0 0.0 0.0 0.0
0.0 1.0 0.0 0.0
0.0 0.0 1.0 0.0
0.0 0.0 0.0 1.0

AbstractShader: got boolean: true
AbstractShader: got Matrix4f: 0.98162717 0.0 0.190809 0.0
0.0 1.0 0.0 -2.0
-0.190809 0.0 0.98162717 -50.0
0.0 0.0 0.0 1.0

AbstractShader: got Matrix4f: 1.0 0.0 0.0 0.0
0.0 1.0 0.0 0.0
0.0 0.0 1.0 0.0
0.0 0.0 0.0 1.0

AbstractShader: got boolean: true
AbstractShader: got Matrix4f: 1.0 0.0 0.0 0.0
0.0 1.0 0.0 0.0
0.0 0.0 1.0 0.0
0.0 0.0 0.0 1.0

AbstractShader: got boolean: true
AbstractShader: got Matrix4f: 0.9781476 0.0 0.2079117 0.0
0.0 1.0 0.0 -2.0
-0.2079117 0.0 0.9781476 -50.0
0.0 0.0 0.0 1.0

AbstractShader: got Matrix4f: 1.0 0.0 0.0 0.0
0.0 1.0 0.0 0.0
0.0 0.0 1.0 0.0
0.0 0.0 0.0 1.0

AbstractShader: got boolean: true
AbstractShader: got Matrix4f: 1.0 0.0 0.0 0.0
0.0 1.0 0.0 0.0
0.0 0.0 1.0 0.0
0.0 0.0 0.0 1.0

AbstractShader: got boolean: true
AbstractShader: got Matrix4f: 0.97437006 0.0 0.22495104 0.0
0.0 1.0 0.0 -2.0
-0.22495104 0.0 0.97437006 -50.0
0.0 0.0 0.0 1.0

AbstractShader: got Matrix4f: 1.0 0.0 0.0 0.0
0.0 1.0 0.0 0.0
0.0 0.0 1.0 0.0
0.0 0.0 0.0 1.0

AbstractShader: got boolean: true
AbstractShader: got Matrix4f: 1.0 0.0 0.0 0.0
0.0 1.0 0.0 0.0
0.0 0.0 1.0 0.0
0.0 0.0 0.0 1.0

AbstractShader: got boolean: true
AbstractShader: got Matrix4f: 0.9702957 0.0 0.2419219 0.0
0.0 1.0 0.0 -2.0
-0.2419219 0.0 0.9702957 -50.0
0.0 0.0 0.0 1.0

AbstractShader: got Matrix4f: 1.0 0.0 0.0 0.0
0.0 1.0 0.0 0.0
0.0 0.0 1.0 0.0
0.0 0.0 0.0 1.0

AbstractShader: got boolean: true
AbstractShader: got Matrix4f: 1.0 0.0 0.0 0.0
0.0 1.0 0.0 0.0
0.0 0.0 1.0 0.0
0.0 0.0 0.0 1.0

AbstractShader: got boolean: true
AbstractShader: got Matrix4f: 0.9659258 0.0 0.25881904 0.0
0.0 1.0 0.0 -2.0
-0.25881904 0.0 0.9659258 -50.0
0.0 0.0 0.0 1.0

AbstractShader: got Matrix4f: 1.0 0.0 0.0 0.0
0.0 1.0 0.0 0.0
0.0 0.0 1.0 0.0
0.0 0.0 0.0 1.0

AbstractShader: got boolean: true
AbstractShader: got Matrix4f: 1.0 0.0 0.0 0.0
0.0 1.0 0.0 0.0
0.0 0.0 1.0 0.0
0.0 0.0 0.0 1.0

AbstractShader: got boolean: true
AbstractShader: got Matrix4f: 0.9612617 0.0 0.27563736 0.0
0.0 1.0 0.0 -2.0
-0.27563736 0.0 0.9612617 -50.0
0.0 0.0 0.0 1.0

AbstractShader: got Matrix4f: 1.0 0.0 0.0 0.0
0.0 1.0 0.0 0.0
0.0 0.0 1.0 0.0
0.0 0.0 0.0 1.0

AbstractShader: got boolean: true
AbstractShader: got Matrix4f: 1.0 0.0 0.0 0.0
0.0 1.0 0.0 0.0
0.0 0.0 1.0 0.0
0.0 0.0 0.0 1.0

AbstractShader: got boolean: true
AbstractShader: got Matrix4f: 0.9563048 0.0 0.2923717 0.0
0.0 1.0 0.0 -2.0
-0.2923717 0.0 0.9563048 -50.0
0.0 0.0 0.0 1.0

AbstractShader: got Matrix4f: 1.0 0.0 0.0 0.0
0.0 1.0 0.0 0.0
0.0 0.0 1.0 0.0
0.0 0.0 0.0 1.0

AbstractShader: got boolean: true
AbstractShader: got Matrix4f: 1.0 0.0 0.0 0.0
0.0 1.0 0.0 0.0
0.0 0.0 1.0 0.0
0.0 0.0 0.0 1.0

AbstractShader: got boolean: true
AbstractShader: got Matrix4f: 0.95105654 0.0 0.309017 0.0
0.0 1.0 0.0 -2.0
-0.309017 0.0 0.95105654 -50.0
0.0 0.0 0.0 1.0

AbstractShader: got Matrix4f: 1.0 0.0 0.0 0.0
0.0 1.0 0.0 0.0
0.0 0.0 1.0 0.0
0.0 0.0 0.0 1.0

AbstractShader: got boolean: true
AbstractShader: got Matrix4f: 1.0 0.0 0.0 0.0
0.0 1.0 0.0 0.0
0.0 0.0 1.0 0.0
0.0 0.0 0.0 1.0

AbstractShader: got boolean: true
AbstractShader: got Matrix4f: 0.94551855 0.0 0.32556814 0.0
0.0 1.0 0.0 -2.0
-0.32556814 0.0 0.94551855 -50.0
0.0 0.0 0.0 1.0

AbstractShader: got Matrix4f: 1.0 0.0 0.0 0.0
0.0 1.0 0.0 0.0
0.0 0.0 1.0 0.0
0.0 0.0 0.0 1.0

AbstractShader: got boolean: true
AbstractShader: got Matrix4f: 1.0 0.0 0.0 0.0
0.0 1.0 0.0 0.0
0.0 0.0 1.0 0.0
0.0 0.0 0.0 1.0

AbstractShader: got boolean: true
AbstractShader: got Matrix4f: 0.9396926 0.0 0.34202012 0.0
0.0 1.0 0.0 -2.0
-0.34202012 0.0 0.9396926 -50.0
0.0 0.0 0.0 1.0

AbstractShader: got Matrix4f: 1.0 0.0 0.0 0.0
0.0 1.0 0.0 0.0
0.0 0.0 1.0 0.0
0.0 0.0 0.0 1.0

AbstractShader: got boolean: true
AbstractShader: got Matrix4f: 1.0 0.0 0.0 0.0
0.0 1.0 0.0 0.0
0.0 0.0 1.0 0.0
0.0 0.0 0.0 1.0

AbstractShader: got boolean: true
AbstractShader: got Matrix4f: 0.9335804 0.0 0.35836795 0.0
0.0 1.0 0.0 -2.0
-0.35836795 0.0 0.9335804 -50.0
0.0 0.0 0.0 1.0

AbstractShader: got Matrix4f: 1.0 0.0 0.0 0.0
0.0 1.0 0.0 0.0
0.0 0.0 1.0 0.0
0.0 0.0 0.0 1.0

AbstractShader: got boolean: true
AbstractShader: got Matrix4f: 1.0 0.0 0.0 0.0
0.0 1.0 0.0 0.0
0.0 0.0 1.0 0.0
0.0 0.0 0.0 1.0

AbstractShader: got boolean: true
AbstractShader: got Matrix4f: 0.92718387 0.0 0.37460658 0.0
0.0 1.0 0.0 -2.0
-0.37460658 0.0 0.92718387 -50.0
0.0 0.0 0.0 1.0

AbstractShader: got Matrix4f: 1.0 0.0 0.0 0.0
0.0 1.0 0.0 0.0
0.0 0.0 1.0 0.0
0.0 0.0 0.0 1.0

AbstractShader: got boolean: true
AbstractShader: got Matrix4f: 1.0 0.0 0.0 0.0
0.0 1.0 0.0 0.0
0.0 0.0 1.0 0.0
0.0 0.0 0.0 1.0

AbstractShader: got boolean: true
AbstractShader: got Matrix4f: 0.92050487 0.0 0.39073113 0.0
0.0 1.0 0.0 -2.0
-0.39073113 0.0 0.92050487 -50.0
0.0 0.0 0.0 1.0

AbstractShader: got Matrix4f: 1.0 0.0 0.0 0.0
0.0 1.0 0.0 0.0
0.0 0.0 1.0 0.0
0.0 0.0 0.0 1.0

AbstractShader: got boolean: true
AbstractShader: got Matrix4f: 1.0 0.0 0.0 0.0
0.0 1.0 0.0 0.0
0.0 0.0 1.0 0.0
0.0 0.0 0.0 1.0

AbstractShader: got boolean: true
AbstractShader: got Matrix4f: 0.9135454 0.0 0.40673664 0.0
0.0 1.0 0.0 -2.0
-0.40673664 0.0 0.9135454 -50.0
0.0 0.0 0.0 1.0

AbstractShader: got Matrix4f: 1.0 0.0 0.0 0.0
0.0 1.0 0.0 0.0
0.0 0.0 1.0 0.0
0.0 0.0 0.0 1.0

AbstractShader: got boolean: true
AbstractShader: got Matrix4f: 1.0 0.0 0.0 0.0
0.0 1.0 0.0 0.0
0.0 0.0 1.0 0.0
0.0 0.0 0.0 1.0

AbstractShader: got boolean: true
AbstractShader: got Matrix4f: 0.90630776 0.0 0.42261827 0.0
0.0 1.0 0.0 -2.0
-0.42261827 0.0 0.90630776 -50.0
0.0 0.0 0.0 1.0

AbstractShader: got Matrix4f: 1.0 0.0 0.0 0.0
0.0 1.0 0.0 0.0
0.0 0.0 1.0 0.0
0.0 0.0 0.0 1.0

AbstractShader: got boolean: true
AbstractShader: got Matrix4f: 1.0 0.0 0.0 0.0
0.0 1.0 0.0 0.0
0.0 0.0 1.0 0.0
0.0 0.0 0.0 1.0

AbstractShader: got boolean: true
AbstractShader: got Matrix4f: 0.89879405 0.0 0.43837115 0.0
0.0 1.0 0.0 -2.0
-0.43837115 0.0 0.89879405 -50.0
0.0 0.0 0.0 1.0

AbstractShader: got Matrix4f: 1.0 0.0 0.0 0.0
0.0 1.0 0.0 0.0
0.0 0.0 1.0 0.0
0.0 0.0 0.0 1.0

AbstractShader: got boolean: true
AbstractShader: got Matrix4f: 1.0 0.0 0.0 0.0
0.0 1.0 0.0 0.0
0.0 0.0 1.0 0.0
0.0 0.0 0.0 1.0

AbstractShader: got boolean: true
AbstractShader: got Matrix4f: 0.8910065 0.0 0.45399052 0.0
0.0 1.0 0.0 -2.0
-0.45399052 0.0 0.8910065 -50.0
0.0 0.0 0.0 1.0

AbstractShader: got Matrix4f: 1.0 0.0 0.0 0.0
0.0 1.0 0.0 0.0
0.0 0.0 1.0 0.0
0.0 0.0 0.0 1.0

AbstractShader: got boolean: true
AbstractShader: got Matrix4f: 1.0 0.0 0.0 0.0
0.0 1.0 0.0 0.0
0.0 0.0 1.0 0.0
0.0 0.0 0.0 1.0

AbstractShader: got boolean: true
AbstractShader: got Matrix4f: 0.88294756 0.0 0.46947157 0.0
0.0 1.0 0.0 -2.0
-0.46947157 0.0 0.88294756 -50.0
0.0 0.0 0.0 1.0

AbstractShader: got Matrix4f: 1.0 0.0 0.0 0.0
0.0 1.0 0.0 0.0
0.0 0.0 1.0 0.0
0.0 0.0 0.0 1.0

AbstractShader: got boolean: true
AbstractShader: got Matrix4f: 1.0 0.0 0.0 0.0
0.0 1.0 0.0 0.0
0.0 0.0 1.0 0.0
0.0 0.0 0.0 1.0

AbstractShader: got boolean: true
AbstractShader: got Matrix4f: 0.8746197 0.0 0.4848096 0.0
0.0 1.0 0.0 -2.0
-0.4848096 0.0 0.8746197 -50.0
0.0 0.0 0.0 1.0

AbstractShader: got Matrix4f: 1.0 0.0 0.0 0.0
0.0 1.0 0.0 0.0
0.0 0.0 1.0 0.0
0.0 0.0 0.0 1.0

AbstractShader: got boolean: true
AbstractShader: got Matrix4f: 1.0 0.0 0.0 0.0
0.0 1.0 0.0 0.0
0.0 0.0 1.0 0.0
0.0 0.0 0.0 1.0

AbstractShader: got boolean: true
AbstractShader: got Matrix4f: 0.8660254 0.0 0.5 0.0
0.0 1.0 0.0 -2.0
-0.5 0.0 0.8660254 -50.0
0.0 0.0 0.0 1.0

AbstractShader: got Matrix4f: 1.0 0.0 0.0 0.0
0.0 1.0 0.0 0.0
0.0 0.0 1.0 0.0
0.0 0.0 0.0 1.0

AbstractShader: got boolean: true
AbstractShader: got Matrix4f: 1.0 0.0 0.0 0.0
0.0 1.0 0.0 0.0
0.0 0.0 1.0 0.0
0.0 0.0 0.0 1.0

AbstractShader: got boolean: true
AbstractShader: got Matrix4f: 0.8571673 0.0 0.5150381 0.0
0.0 1.0 0.0 -2.0
-0.5150381 0.0 0.8571673 -50.0
0.0 0.0 0.0 1.0

AbstractShader: got Matrix4f: 1.0 0.0 0.0 0.0
0.0 1.0 0.0 0.0
0.0 0.0 1.0 0.0
0.0 0.0 0.0 1.0

AbstractShader: got boolean: true
AbstractShader: got Matrix4f: 1.0 0.0 0.0 0.0
0.0 1.0 0.0 0.0
0.0 0.0 1.0 0.0
0.0 0.0 0.0 1.0

AbstractShader: got boolean: true
AbstractShader: got Matrix4f: 0.8480481 0.0 0.52991927 0.0
0.0 1.0 0.0 -2.0
-0.52991927 0.0 0.8480481 -50.0
0.0 0.0 0.0 1.0

AbstractShader: got Matrix4f: 1.0 0.0 0.0 0.0
0.0 1.0 0.0 0.0
0.0 0.0 1.0 0.0
0.0 0.0 0.0 1.0

AbstractShader: got boolean: true
AbstractShader: got Matrix4f: 1.0 0.0 0.0 0.0
0.0 1.0 0.0 0.0
0.0 0.0 1.0 0.0
0.0 0.0 0.0 1.0

AbstractShader: got boolean: true
AbstractShader: got Matrix4f: 0.83867055 0.0 0.54463905 0.0
0.0 1.0 0.0 -2.0
-0.54463905 0.0 0.83867055 -50.0
0.0 0.0 0.0 1.0

AbstractShader: got Matrix4f: 1.0 0.0 0.0 0.0
0.0 1.0 0.0 0.0
0.0 0.0 1.0 0.0
0.0 0.0 0.0 1.0

AbstractShader: got boolean: true
AbstractShader: got Matrix4f: 1.0 0.0 0.0 0.0
0.0 1.0 0.0 0.0
0.0 0.0 1.0 0.0
0.0 0.0 0.0 1.0

AbstractShader: got boolean: true
AbstractShader: got Matrix4f: 0.8290376 0.0 0.5591929 0.0
0.0 1.0 0.0 -2.0
-0.5591929 0.0 0.8290376 -50.0
0.0 0.0 0.0 1.0

AbstractShader: got Matrix4f: 1.0 0.0 0.0 0.0
0.0 1.0 0.0 0.0
0.0 0.0 1.0 0.0
0.0 0.0 0.0 1.0

AbstractShader: got boolean: true
AbstractShader: got Matrix4f: 1.0 0.0 0.0 0.0
0.0 1.0 0.0 0.0
0.0 0.0 1.0 0.0
0.0 0.0 0.0 1.0

AbstractShader: got boolean: true
AbstractShader: got Matrix4f: 0.81915206 0.0 0.57357645 0.0
0.0 1.0 0.0 -2.0
-0.57357645 0.0 0.81915206 -50.0
0.0 0.0 0.0 1.0

AbstractShader: got Matrix4f: 1.0 0.0 0.0 0.0
0.0 1.0 0.0 0.0
0.0 0.0 1.0 0.0
0.0 0.0 0.0 1.0

AbstractShader: got boolean: true
AbstractShader: got Matrix4f: 1.0 0.0 0.0 0.0
0.0 1.0 0.0 0.0
0.0 0.0 1.0 0.0
0.0 0.0 0.0 1.0

AbstractShader: got boolean: true
AbstractShader: got Matrix4f: 0.809017 0.0 0.58778524 0.0
0.0 1.0 0.0 -2.0
-0.58778524 0.0 0.809017 -50.0
0.0 0.0 0.0 1.0

AbstractShader: got Matrix4f: 1.0 0.0 0.0 0.0
0.0 1.0 0.0 0.0
0.0 0.0 1.0 0.0
0.0 0.0 0.0 1.0

AbstractShader: got boolean: true
AbstractShader: got Matrix4f: 1.0 0.0 0.0 0.0
0.0 1.0 0.0 0.0
0.0 0.0 1.0 0.0
0.0 0.0 0.0 1.0

AbstractShader: got boolean: true
AbstractShader: got Matrix4f: 0.79863554 0.0 0.601815 0.0
0.0 1.0 0.0 -2.0
-0.601815 0.0 0.79863554 -50.0
0.0 0.0 0.0 1.0

AbstractShader: got Matrix4f: 1.0 0.0 0.0 0.0
0.0 1.0 0.0 0.0
0.0 0.0 1.0 0.0
0.0 0.0 0.0 1.0

AbstractShader: got boolean: true
AbstractShader: got Matrix4f: 1.0 0.0 0.0 0.0
0.0 1.0 0.0 0.0
0.0 0.0 1.0 0.0
0.0 0.0 0.0 1.0

AbstractShader: got boolean: true
AbstractShader: got Matrix4f: 0.7880108 0.0 0.6156615 0.0
0.0 1.0 0.0 -2.0
-0.6156615 0.0 0.7880108 -50.0
0.0 0.0 0.0 1.0

AbstractShader: got Matrix4f: 1.0 0.0 0.0 0.0
0.0 1.0 0.0 0.0
0.0 0.0 1.0 0.0
0.0 0.0 0.0 1.0

AbstractShader: got boolean: true
AbstractShader: got Matrix4f: 1.0 0.0 0.0 0.0
0.0 1.0 0.0 0.0
0.0 0.0 1.0 0.0
0.0 0.0 0.0 1.0

AbstractShader: got boolean: true
AbstractShader: got Matrix4f: 0.7771459 0.0 0.6293204 0.0
0.0 1.0 0.0 -2.0
-0.6293204 0.0 0.7771459 -50.0
0.0 0.0 0.0 1.0

AbstractShader: got Matrix4f: 1.0 0.0 0.0 0.0
0.0 1.0 0.0 0.0
0.0 0.0 1.0 0.0
0.0 0.0 0.0 1.0

AbstractShader: got boolean: true
AbstractShader: got Matrix4f: 1.0 0.0 0.0 0.0
0.0 1.0 0.0 0.0
0.0 0.0 1.0 0.0
0.0 0.0 0.0 1.0

AbstractShader: got boolean: true
AbstractShader: got Matrix4f: 0.76604444 0.0 0.6427876 0.0
0.0 1.0 0.0 -2.0
-0.6427876 0.0 0.76604444 -50.0
0.0 0.0 0.0 1.0

AbstractShader: got Matrix4f: 1.0 0.0 0.0 0.0
0.0 1.0 0.0 0.0
0.0 0.0 1.0 0.0
0.0 0.0 0.0 1.0

AbstractShader: got boolean: true
AbstractShader: got Matrix4f: 1.0 0.0 0.0 0.0
0.0 1.0 0.0 0.0
0.0 0.0 1.0 0.0
0.0 0.0 0.0 1.0

AbstractShader: got boolean: true
AbstractShader: got Matrix4f: 0.7547096 0.0 0.656059 0.0
0.0 1.0 0.0 -2.0
-0.656059 0.0 0.7547096 -50.0
0.0 0.0 0.0 1.0

AbstractShader: got Matrix4f: 1.0 0.0 0.0 0.0
0.0 1.0 0.0 0.0
0.0 0.0 1.0 0.0
0.0 0.0 0.0 1.0

AbstractShader: got boolean: true
AbstractShader: got Matrix4f: 1.0 0.0 0.0 0.0
0.0 1.0 0.0 0.0
0.0 0.0 1.0 0.0
0.0 0.0 0.0 1.0

AbstractShader: got boolean: true
AbstractShader: got Matrix4f: 0.7431448 0.0 0.6691306 0.0
0.0 1.0 0.0 -2.0
-0.6691306 0.0 0.7431448 -50.0
0.0 0.0 0.0 1.0

AbstractShader: got Matrix4f: 1.0 0.0 0.0 0.0
0.0 1.0 0.0 0.0
0.0 0.0 1.0 0.0
0.0 0.0 0.0 1.0

AbstractShader: got boolean: true
AbstractShader: got Matrix4f: 1.0 0.0 0.0 0.0
0.0 1.0 0.0 0.0
0.0 0.0 1.0 0.0
0.0 0.0 0.0 1.0

AbstractShader: got boolean: true
AbstractShader: got Matrix4f: 0.7313537 0.0 0.6819984 0.0
0.0 1.0 0.0 -2.0
-0.6819984 0.0 0.7313537 -50.0
0.0 0.0 0.0 1.0

AbstractShader: got Matrix4f: 1.0 0.0 0.0 0.0
0.0 1.0 0.0 0.0
0.0 0.0 1.0 0.0
0.0 0.0 0.0 1.0

AbstractShader: got boolean: true
AbstractShader: got Matrix4f: 1.0 0.0 0.0 0.0
0.0 1.0 0.0 0.0
0.0 0.0 1.0 0.0
0.0 0.0 0.0 1.0

AbstractShader: got boolean: true
AbstractShader: got Matrix4f: 0.7193398 0.0 0.6946584 0.0
0.0 1.0 0.0 -2.0
-0.6946584 0.0 0.7193398 -50.0
0.0 0.0 0.0 1.0

AbstractShader: got Matrix4f: 1.0 0.0 0.0 0.0
0.0 1.0 0.0 0.0
0.0 0.0 1.0 0.0
0.0 0.0 0.0 1.0

AbstractShader: got boolean: true
AbstractShader: got Matrix4f: 1.0 0.0 0.0 0.0
0.0 1.0 0.0 0.0
0.0 0.0 1.0 0.0
0.0 0.0 0.0 1.0

AbstractShader: got boolean: true
AbstractShader: got Matrix4f: 0.70710677 0.0 0.70710677 0.0
0.0 1.0 0.0 -2.0
-0.70710677 0.0 0.70710677 -50.0
0.0 0.0 0.0 1.0

AbstractShader: got Matrix4f: 1.0 0.0 0.0 0.0
0.0 1.0 0.0 0.0
0.0 0.0 1.0 0.0
0.0 0.0 0.0 1.0

AbstractShader: got boolean: true
AbstractShader: got Matrix4f: 1.0 0.0 0.0 0.0
0.0 1.0 0.0 0.0
0.0 0.0 1.0 0.0
0.0 0.0 0.0 1.0

AbstractShader: got boolean: true
AbstractShader: got Matrix4f: 0.6946584 0.0 0.7193398 0.0
0.0 1.0 0.0 -2.0
-0.7193398 0.0 0.6946584 -50.0
0.0 0.0 0.0 1.0

AbstractShader: got Matrix4f: 1.0 0.0 0.0 0.0
0.0 1.0 0.0 0.0
0.0 0.0 1.0 0.0
0.0 0.0 0.0 1.0

AbstractShader: got boolean: true
AbstractShader: got Matrix4f: 1.0 0.0 0.0 0.0
0.0 1.0 0.0 0.0
0.0 0.0 1.0 0.0
0.0 0.0 0.0 1.0

AbstractShader: got boolean: true
AbstractShader: got Matrix4f: 0.6819984 0.0 0.7313537 0.0
0.0 1.0 0.0 -2.0
-0.7313537 0.0 0.6819984 -50.0
0.0 0.0 0.0 1.0

[DEBUG]: Avarage load time: 0.93911
[DEBUG]: fps: 47
AbstractShader: got Matrix4f: 1.0 0.0 0.0 0.0
0.0 1.0 0.0 0.0
0.0 0.0 1.0 0.0
0.0 0.0 0.0 1.0

AbstractShader: got boolean: true
AbstractShader: got Matrix4f: 1.0 0.0 0.0 0.0
0.0 1.0 0.0 0.0
0.0 0.0 1.0 0.0
0.0 0.0 0.0 1.0

AbstractShader: got boolean: true
AbstractShader: got Matrix4f: 0.66913056 0.0 0.74314487 0.0
0.0 1.0 0.0 -2.0
-0.74314487 0.0 0.66913056 -50.0
0.0 0.0 0.0 1.0

AbstractShader: got Matrix4f: 1.0 0.0 0.0 0.0
0.0 1.0 0.0 0.0
0.0 0.0 1.0 0.0
0.0 0.0 0.0 1.0

AbstractShader: got boolean: true
AbstractShader: got Matrix4f: 1.0 0.0 0.0 0.0
0.0 1.0 0.0 0.0
0.0 0.0 1.0 0.0
0.0 0.0 0.0 1.0

AbstractShader: got boolean: true
AbstractShader: got Matrix4f: 0.656059 0.0 0.75470954 0.0
0.0 1.0 0.0 -2.0
-0.75470954 0.0 0.656059 -50.0
0.0 0.0 0.0 1.0

AbstractShader: got Matrix4f: 1.0 0.0 0.0 0.0
0.0 1.0 0.0 0.0
0.0 0.0 1.0 0.0
0.0 0.0 0.0 1.0

AbstractShader: got boolean: true
AbstractShader: got Matrix4f: 1.0 0.0 0.0 0.0
0.0 1.0 0.0 0.0
0.0 0.0 1.0 0.0
0.0 0.0 0.0 1.0

AbstractShader: got boolean: true
AbstractShader: got Matrix4f: 0.64278764 0.0 0.76604444 0.0
0.0 1.0 0.0 -2.0
-0.76604444 0.0 0.64278764 -50.0
0.0 0.0 0.0 1.0

AbstractShader: got Matrix4f: 1.0 0.0 0.0 0.0
0.0 1.0 0.0 0.0
0.0 0.0 1.0 0.0
0.0 0.0 0.0 1.0

AbstractShader: got boolean: true
AbstractShader: got Matrix4f: 1.0 0.0 0.0 0.0
0.0 1.0 0.0 0.0
0.0 0.0 1.0 0.0
0.0 0.0 0.0 1.0

AbstractShader: got boolean: true
AbstractShader: got Matrix4f: 0.6293204 0.0 0.777146 0.0
0.0 1.0 0.0 -2.0
-0.777146 0.0 0.6293204 -50.0
0.0 0.0 0.0 1.0

AbstractShader: got Matrix4f: 1.0 0.0 0.0 0.0
0.0 1.0 0.0 0.0
0.0 0.0 1.0 0.0
0.0 0.0 0.0 1.0

AbstractShader: got boolean: true
AbstractShader: got Matrix4f: 1.0 0.0 0.0 0.0
0.0 1.0 0.0 0.0
0.0 0.0 1.0 0.0
0.0 0.0 0.0 1.0

AbstractShader: got boolean: true
AbstractShader: got Matrix4f: 0.6156615 0.0 0.7880107 0.0
0.0 1.0 0.0 -2.0
-0.7880107 0.0 0.6156615 -50.0
0.0 0.0 0.0 1.0

AbstractShader: got Matrix4f: 1.0 0.0 0.0 0.0
0.0 1.0 0.0 0.0
0.0 0.0 1.0 0.0
0.0 0.0 0.0 1.0

AbstractShader: got boolean: true
AbstractShader: got Matrix4f: 1.0 0.0 0.0 0.0
0.0 1.0 0.0 0.0
0.0 0.0 1.0 0.0
0.0 0.0 0.0 1.0

AbstractShader: got boolean: true
AbstractShader: got Matrix4f: 0.60181504 0.0 0.79863554 0.0
0.0 1.0 0.0 -2.0
-0.79863554 0.0 0.60181504 -50.0
0.0 0.0 0.0 1.0

AbstractShader: got Matrix4f: 1.0 0.0 0.0 0.0
0.0 1.0 0.0 0.0
0.0 0.0 1.0 0.0
0.0 0.0 0.0 1.0

AbstractShader: got boolean: true
AbstractShader: got Matrix4f: 1.0 0.0 0.0 0.0
0.0 1.0 0.0 0.0
0.0 0.0 1.0 0.0
0.0 0.0 0.0 1.0

AbstractShader: got boolean: true
AbstractShader: got Matrix4f: 0.58778524 0.0 0.809017 0.0
0.0 1.0 0.0 -2.0
-0.809017 0.0 0.58778524 -50.0
0.0 0.0 0.0 1.0

AbstractShader: got Matrix4f: 1.0 0.0 0.0 0.0
0.0 1.0 0.0 0.0
0.0 0.0 1.0 0.0
0.0 0.0 0.0 1.0

AbstractShader: got boolean: true
AbstractShader: got Matrix4f: 1.0 0.0 0.0 0.0
0.0 1.0 0.0 0.0
0.0 0.0 1.0 0.0
0.0 0.0 0.0 1.0

AbstractShader: got boolean: true
AbstractShader: got Matrix4f: 0.57357645 0.0 0.81915206 0.0
0.0 1.0 0.0 -2.0
-0.81915206 0.0 0.57357645 -50.0
0.0 0.0 0.0 1.0

AbstractShader: got Matrix4f: 1.0 0.0 0.0 0.0
0.0 1.0 0.0 0.0
0.0 0.0 1.0 0.0
0.0 0.0 0.0 1.0

AbstractShader: got boolean: true
AbstractShader: got Matrix4f: 1.0 0.0 0.0 0.0
0.0 1.0 0.0 0.0
0.0 0.0 1.0 0.0
0.0 0.0 0.0 1.0

AbstractShader: got boolean: true
AbstractShader: got Matrix4f: 0.5591929 0.0 0.82903755 0.0
0.0 1.0 0.0 -2.0
-0.82903755 0.0 0.5591929 -50.0
0.0 0.0 0.0 1.0

AbstractShader: got Matrix4f: 1.0 0.0 0.0 0.0
0.0 1.0 0.0 0.0
0.0 0.0 1.0 0.0
0.0 0.0 0.0 1.0

AbstractShader: got boolean: true
AbstractShader: got Matrix4f: 1.0 0.0 0.0 0.0
0.0 1.0 0.0 0.0
0.0 0.0 1.0 0.0
0.0 0.0 0.0 1.0

AbstractShader: got boolean: true
AbstractShader: got Matrix4f: 0.544639 0.0 0.8386706 0.0
0.0 1.0 0.0 -2.0
-0.8386706 0.0 0.544639 -50.0
0.0 0.0 0.0 1.0

AbstractShader: got Matrix4f: 1.0 0.0 0.0 0.0
0.0 1.0 0.0 0.0
0.0 0.0 1.0 0.0
0.0 0.0 0.0 1.0

AbstractShader: got boolean: true
AbstractShader: got Matrix4f: 1.0 0.0 0.0 0.0
0.0 1.0 0.0 0.0
0.0 0.0 1.0 0.0
0.0 0.0 0.0 1.0

AbstractShader: got boolean: true
AbstractShader: got Matrix4f: 0.52991927 0.0 0.8480481 0.0
0.0 1.0 0.0 -2.0
-0.8480481 0.0 0.52991927 -50.0
0.0 0.0 0.0 1.0

AbstractShader: got Matrix4f: 1.0 0.0 0.0 0.0
0.0 1.0 0.0 0.0
0.0 0.0 1.0 0.0
0.0 0.0 0.0 1.0

AbstractShader: got boolean: true
AbstractShader: got Matrix4f: 1.0 0.0 0.0 0.0
0.0 1.0 0.0 0.0
0.0 0.0 1.0 0.0
0.0 0.0 0.0 1.0

AbstractShader: got boolean: true
AbstractShader: got Matrix4f: 0.5150381 0.0 0.8571673 0.0
0.0 1.0 0.0 -2.0
-0.8571673 0.0 0.5150381 -50.0
0.0 0.0 0.0 1.0

AbstractShader: got Matrix4f: 1.0 0.0 0.0 0.0
0.0 1.0 0.0 0.0
0.0 0.0 1.0 0.0
0.0 0.0 0.0 1.0

AbstractShader: got boolean: true
AbstractShader: got Matrix4f: 1.0 0.0 0.0 0.0
0.0 1.0 0.0 0.0
0.0 0.0 1.0 0.0
0.0 0.0 0.0 1.0

AbstractShader: got boolean: true
AbstractShader: got Matrix4f: 0.49999997 0.0 0.86602545 0.0
0.0 1.0 0.0 -2.0
-0.86602545 0.0 0.49999997 -50.0
0.0 0.0 0.0 1.0

AbstractShader: got Matrix4f: 1.0 0.0 0.0 0.0
0.0 1.0 0.0 0.0
0.0 0.0 1.0 0.0
0.0 0.0 0.0 1.0

AbstractShader: got boolean: true
AbstractShader: got Matrix4f: 1.0 0.0 0.0 0.0
0.0 1.0 0.0 0.0
0.0 0.0 1.0 0.0
0.0 0.0 0.0 1.0

AbstractShader: got boolean: true
AbstractShader: got Matrix4f: 0.48480958 0.0 0.8746197 0.0
0.0 1.0 0.0 -2.0
-0.8746197 0.0 0.48480958 -50.0
0.0 0.0 0.0 1.0

AbstractShader: got Matrix4f: 1.0 0.0 0.0 0.0
0.0 1.0 0.0 0.0
0.0 0.0 1.0 0.0
0.0 0.0 0.0 1.0

AbstractShader: got boolean: true
AbstractShader: got Matrix4f: 1.0 0.0 0.0 0.0
0.0 1.0 0.0 0.0
0.0 0.0 1.0 0.0
0.0 0.0 0.0 1.0

AbstractShader: got boolean: true
AbstractShader: got Matrix4f: 0.4694716 0.0 0.88294756 0.0
0.0 1.0 0.0 -2.0
-0.88294756 0.0 0.4694716 -50.0
0.0 0.0 0.0 1.0

AbstractShader: got Matrix4f: 1.0 0.0 0.0 0.0
0.0 1.0 0.0 0.0
0.0 0.0 1.0 0.0
0.0 0.0 0.0 1.0

AbstractShader: got boolean: true
AbstractShader: got Matrix4f: 1.0 0.0 0.0 0.0
0.0 1.0 0.0 0.0
0.0 0.0 1.0 0.0
0.0 0.0 0.0 1.0

AbstractShader: got boolean: true
AbstractShader: got Matrix4f: 0.45399052 0.0 0.8910065 0.0
0.0 1.0 0.0 -2.0
-0.8910065 0.0 0.45399052 -50.0
0.0 0.0 0.0 1.0

AbstractShader: got Matrix4f: 1.0 0.0 0.0 0.0
0.0 1.0 0.0 0.0
0.0 0.0 1.0 0.0
0.0 0.0 0.0 1.0

AbstractShader: got boolean: true
AbstractShader: got Matrix4f: 1.0 0.0 0.0 0.0
0.0 1.0 0.0 0.0
0.0 0.0 1.0 0.0
0.0 0.0 0.0 1.0

AbstractShader: got boolean: true
AbstractShader: got Matrix4f: 0.43837115 0.0 0.89879405 0.0
0.0 1.0 0.0 -2.0
-0.89879405 0.0 0.43837115 -50.0
0.0 0.0 0.0 1.0

AbstractShader: got Matrix4f: 1.0 0.0 0.0 0.0
0.0 1.0 0.0 0.0
0.0 0.0 1.0 0.0
0.0 0.0 0.0 1.0

AbstractShader: got boolean: true
AbstractShader: got Matrix4f: 1.0 0.0 0.0 0.0
0.0 1.0 0.0 0.0
0.0 0.0 1.0 0.0
0.0 0.0 0.0 1.0

AbstractShader: got boolean: true
AbstractShader: got Matrix4f: 0.42261824 0.0 0.9063078 0.0
0.0 1.0 0.0 -2.0
-0.9063078 0.0 0.42261824 -50.0
0.0 0.0 0.0 1.0

AbstractShader: got Matrix4f: 1.0 0.0 0.0 0.0
0.0 1.0 0.0 0.0
0.0 0.0 1.0 0.0
0.0 0.0 0.0 1.0

AbstractShader: got boolean: true
AbstractShader: got Matrix4f: 1.0 0.0 0.0 0.0
0.0 1.0 0.0 0.0
0.0 0.0 1.0 0.0
0.0 0.0 0.0 1.0

AbstractShader: got boolean: true
AbstractShader: got Matrix4f: 0.4067366 0.0 0.9135455 0.0
0.0 1.0 0.0 -2.0
-0.9135455 0.0 0.4067366 -50.0
0.0 0.0 0.0 1.0

AbstractShader: got Matrix4f: 1.0 0.0 0.0 0.0
0.0 1.0 0.0 0.0
0.0 0.0 1.0 0.0
0.0 0.0 0.0 1.0

AbstractShader: got boolean: true
AbstractShader: got Matrix4f: 1.0 0.0 0.0 0.0
0.0 1.0 0.0 0.0
0.0 0.0 1.0 0.0
0.0 0.0 0.0 1.0

AbstractShader: got boolean: true
AbstractShader: got Matrix4f: 0.39073107 0.0 0.92050487 0.0
0.0 1.0 0.0 -2.0
-0.92050487 0.0 0.39073107 -50.0
0.0 0.0 0.0 1.0

AbstractShader: got Matrix4f: 1.0 0.0 0.0 0.0
0.0 1.0 0.0 0.0
0.0 0.0 1.0 0.0
0.0 0.0 0.0 1.0

AbstractShader: got boolean: true
AbstractShader: got Matrix4f: 1.0 0.0 0.0 0.0
0.0 1.0 0.0 0.0
0.0 0.0 1.0 0.0
0.0 0.0 0.0 1.0

AbstractShader: got boolean: true
AbstractShader: got Matrix4f: 0.37460664 0.0 0.92718387 0.0
0.0 1.0 0.0 -2.0
-0.92718387 0.0 0.37460664 -50.0
0.0 0.0 0.0 1.0

AbstractShader: got Matrix4f: 1.0 0.0 0.0 0.0
0.0 1.0 0.0 0.0
0.0 0.0 1.0 0.0
0.0 0.0 0.0 1.0

AbstractShader: got boolean: true
AbstractShader: got Matrix4f: 1.0 0.0 0.0 0.0
0.0 1.0 0.0 0.0
0.0 0.0 1.0 0.0
0.0 0.0 0.0 1.0

AbstractShader: got boolean: true
AbstractShader: got Matrix4f: 0.35836798 0.0 0.9335804 0.0
0.0 1.0 0.0 -2.0
-0.9335804 0.0 0.35836798 -50.0
0.0 0.0 0.0 1.0

AbstractShader: got Matrix4f: 1.0 0.0 0.0 0.0
0.0 1.0 0.0 0.0
0.0 0.0 1.0 0.0
0.0 0.0 0.0 1.0

AbstractShader: got boolean: true
AbstractShader: got Matrix4f: 1.0 0.0 0.0 0.0
0.0 1.0 0.0 0.0
0.0 0.0 1.0 0.0
0.0 0.0 0.0 1.0

AbstractShader: got boolean: true
AbstractShader: got Matrix4f: 0.34202015 0.0 0.9396926 0.0
0.0 1.0 0.0 -2.0
-0.9396926 0.0 0.34202015 -50.0
0.0 0.0 0.0 1.0

AbstractShader: got Matrix4f: 1.0 0.0 0.0 0.0
0.0 1.0 0.0 0.0
0.0 0.0 1.0 0.0
0.0 0.0 0.0 1.0

AbstractShader: got boolean: true
AbstractShader: got Matrix4f: 1.0 0.0 0.0 0.0
0.0 1.0 0.0 0.0
0.0 0.0 1.0 0.0
0.0 0.0 0.0 1.0

AbstractShader: got boolean: true
AbstractShader: got Matrix4f: 0.32556814 0.0 0.94551855 0.0
0.0 1.0 0.0 -2.0
-0.94551855 0.0 0.32556814 -50.0
0.0 0.0 0.0 1.0

AbstractShader: got Matrix4f: 1.0 0.0 0.0 0.0
0.0 1.0 0.0 0.0
0.0 0.0 1.0 0.0
0.0 0.0 0.0 1.0

AbstractShader: got boolean: true
AbstractShader: got Matrix4f: 1.0 0.0 0.0 0.0
0.0 1.0 0.0 0.0
0.0 0.0 1.0 0.0
0.0 0.0 0.0 1.0

AbstractShader: got boolean: true
AbstractShader: got Matrix4f: 0.30901697 0.0 0.95105654 0.0
0.0 1.0 0.0 -2.0
-0.95105654 0.0 0.30901697 -50.0
0.0 0.0 0.0 1.0

AbstractShader: got Matrix4f: 1.0 0.0 0.0 0.0
0.0 1.0 0.0 0.0
0.0 0.0 1.0 0.0
0.0 0.0 0.0 1.0

AbstractShader: got boolean: true
AbstractShader: got Matrix4f: 1.0 0.0 0.0 0.0
0.0 1.0 0.0 0.0
0.0 0.0 1.0 0.0
0.0 0.0 0.0 1.0

AbstractShader: got boolean: true
AbstractShader: got Matrix4f: 0.29237166 0.0 0.9563048 0.0
0.0 1.0 0.0 -2.0
-0.9563048 0.0 0.29237166 -50.0
0.0 0.0 0.0 1.0

AbstractShader: got Matrix4f: 1.0 0.0 0.0 0.0
0.0 1.0 0.0 0.0
0.0 0.0 1.0 0.0
0.0 0.0 0.0 1.0

AbstractShader: got boolean: true
AbstractShader: got Matrix4f: 1.0 0.0 0.0 0.0
0.0 1.0 0.0 0.0
0.0 0.0 1.0 0.0
0.0 0.0 0.0 1.0

AbstractShader: got boolean: true
AbstractShader: got Matrix4f: 0.2756374 0.0 0.9612617 0.0
0.0 1.0 0.0 -2.0
-0.9612617 0.0 0.2756374 -50.0
0.0 0.0 0.0 1.0

AbstractShader: got Matrix4f: 1.0 0.0 0.0 0.0
0.0 1.0 0.0 0.0
0.0 0.0 1.0 0.0
0.0 0.0 0.0 1.0

AbstractShader: got boolean: true
AbstractShader: got Matrix4f: 1.0 0.0 0.0 0.0
0.0 1.0 0.0 0.0
0.0 0.0 1.0 0.0
0.0 0.0 0.0 1.0

AbstractShader: got boolean: true
AbstractShader: got Matrix4f: 0.25881907 0.0 0.9659258 0.0
0.0 1.0 0.0 -2.0
-0.9659258 0.0 0.25881907 -50.0
0.0 0.0 0.0 1.0

AbstractShader: got Matrix4f: 1.0 0.0 0.0 0.0
0.0 1.0 0.0 0.0
0.0 0.0 1.0 0.0
0.0 0.0 0.0 1.0

AbstractShader: got boolean: true
AbstractShader: got Matrix4f: 1.0 0.0 0.0 0.0
0.0 1.0 0.0 0.0
0.0 0.0 1.0 0.0
0.0 0.0 0.0 1.0

AbstractShader: got boolean: true
AbstractShader: got Matrix4f: 0.2419219 0.0 0.9702957 0.0
0.0 1.0 0.0 -2.0
-0.9702957 0.0 0.2419219 -50.0
0.0 0.0 0.0 1.0

AbstractShader: got Matrix4f: 1.0 0.0 0.0 0.0
0.0 1.0 0.0 0.0
0.0 0.0 1.0 0.0
0.0 0.0 0.0 1.0

AbstractShader: got boolean: true
AbstractShader: got Matrix4f: 1.0 0.0 0.0 0.0
0.0 1.0 0.0 0.0
0.0 0.0 1.0 0.0
0.0 0.0 0.0 1.0

AbstractShader: got boolean: true
AbstractShader: got Matrix4f: 0.22495104 0.0 0.97437006 0.0
0.0 1.0 0.0 -2.0
-0.97437006 0.0 0.22495104 -50.0
0.0 0.0 0.0 1.0

AbstractShader: got Matrix4f: 1.0 0.0 0.0 0.0
0.0 1.0 0.0 0.0
0.0 0.0 1.0 0.0
0.0 0.0 0.0 1.0

AbstractShader: got boolean: true
AbstractShader: got Matrix4f: 1.0 0.0 0.0 0.0
0.0 1.0 0.0 0.0
0.0 0.0 1.0 0.0
0.0 0.0 0.0 1.0

AbstractShader: got boolean: true
AbstractShader: got Matrix4f: 0.20791166 0.0 0.9781476 0.0
0.0 1.0 0.0 -2.0
-0.9781476 0.0 0.20791166 -50.0
0.0 0.0 0.0 1.0

AbstractShader: got Matrix4f: 1.0 0.0 0.0 0.0
0.0 1.0 0.0 0.0
0.0 0.0 1.0 0.0
0.0 0.0 0.0 1.0

AbstractShader: got boolean: true
AbstractShader: got Matrix4f: 1.0 0.0 0.0 0.0
0.0 1.0 0.0 0.0
0.0 0.0 1.0 0.0
0.0 0.0 0.0 1.0

AbstractShader: got boolean: true
AbstractShader: got Matrix4f: 0.19080894 0.0 0.98162717 0.0
0.0 1.0 0.0 -2.0
-0.98162717 0.0 0.19080894 -50.0
0.0 0.0 0.0 1.0

AbstractShader: got Matrix4f: 1.0 0.0 0.0 0.0
0.0 1.0 0.0 0.0
0.0 0.0 1.0 0.0
0.0 0.0 0.0 1.0

AbstractShader: got boolean: true
AbstractShader: got Matrix4f: 1.0 0.0 0.0 0.0
0.0 1.0 0.0 0.0
0.0 0.0 1.0 0.0
0.0 0.0 0.0 1.0

AbstractShader: got boolean: true
AbstractShader: got Matrix4f: 0.17364822 0.0 0.9848077 0.0
0.0 1.0 0.0 -2.0
-0.9848077 0.0 0.17364822 -50.0
0.0 0.0 0.0 1.0

[DEBUG]: Avarage load time: 1.12228
[DEBUG]: fps: 33
AbstractShader: got Matrix4f: 1.0 0.0 0.0 0.0
0.0 1.0 0.0 0.0
0.0 0.0 1.0 0.0
0.0 0.0 0.0 1.0

AbstractShader: got boolean: true
AbstractShader: got Matrix4f: 1.0 0.0 0.0 0.0
0.0 1.0 0.0 0.0
0.0 0.0 1.0 0.0
0.0 0.0 0.0 1.0

AbstractShader: got boolean: true
AbstractShader: got Matrix4f: 0.15643449 0.0 0.98768836 0.0
0.0 1.0 0.0 -2.0
-0.98768836 0.0 0.15643449 -50.0
0.0 0.0 0.0 1.0

AbstractShader: got Matrix4f: 1.0 0.0 0.0 0.0
0.0 1.0 0.0 0.0
0.0 0.0 1.0 0.0
0.0 0.0 0.0 1.0

AbstractShader: got boolean: true
AbstractShader: got Matrix4f: 1.0 0.0 0.0 0.0
0.0 1.0 0.0 0.0
0.0 0.0 1.0 0.0
0.0 0.0 0.0 1.0

AbstractShader: got boolean: true
AbstractShader: got Matrix4f: 0.1391731 0.0 0.99026805 0.0
0.0 1.0 0.0 -2.0
-0.99026805 0.0 0.1391731 -50.0
0.0 0.0 0.0 1.0

AbstractShader: got Matrix4f: 1.0 0.0 0.0 0.0
0.0 1.0 0.0 0.0
0.0 0.0 1.0 0.0
0.0 0.0 0.0 1.0

AbstractShader: got boolean: true
AbstractShader: got Matrix4f: 1.0 0.0 0.0 0.0
0.0 1.0 0.0 0.0
0.0 0.0 1.0 0.0
0.0 0.0 0.0 1.0

AbstractShader: got boolean: true
AbstractShader: got Matrix4f: 0.121869326 0.0 0.99254614 0.0
0.0 1.0 0.0 -2.0
-0.99254614 0.0 0.121869326 -50.0
0.0 0.0 0.0 1.0

AbstractShader: got Matrix4f: 1.0 0.0 0.0 0.0
0.0 1.0 0.0 0.0
0.0 0.0 1.0 0.0
0.0 0.0 0.0 1.0

AbstractShader: got boolean: true
AbstractShader: got Matrix4f: 1.0 0.0 0.0 0.0
0.0 1.0 0.0 0.0
0.0 0.0 1.0 0.0
0.0 0.0 0.0 1.0

AbstractShader: got boolean: true
AbstractShader: got Matrix4f: 0.10452842 0.0 0.9945219 0.0
0.0 1.0 0.0 -2.0
-0.9945219 0.0 0.10452842 -50.0
0.0 0.0 0.0 1.0

AbstractShader: got Matrix4f: 1.0 0.0 0.0 0.0
0.0 1.0 0.0 0.0
0.0 0.0 1.0 0.0
0.0 0.0 0.0 1.0

AbstractShader: got boolean: true
AbstractShader: got Matrix4f: 1.0 0.0 0.0 0.0
0.0 1.0 0.0 0.0
0.0 0.0 1.0 0.0
0.0 0.0 0.0 1.0

AbstractShader: got boolean: true
AbstractShader: got Matrix4f: 0.087155804 0.0 0.9961947 0.0
0.0 1.0 0.0 -2.0
-0.9961947 0.0 0.087155804 -50.0
0.0 0.0 0.0 1.0

AbstractShader: got Matrix4f: 1.0 0.0 0.0 0.0
0.0 1.0 0.0 0.0
0.0 0.0 1.0 0.0
0.0 0.0 0.0 1.0

AbstractShader: got boolean: true
AbstractShader: got Matrix4f: 1.0 0.0 0.0 0.0
0.0 1.0 0.0 0.0
0.0 0.0 1.0 0.0
0.0 0.0 0.0 1.0

AbstractShader: got boolean: true
AbstractShader: got Matrix4f: 0.06975651 0.0 0.9975641 0.0
0.0 1.0 0.0 -2.0
-0.9975641 0.0 0.06975651 -50.0
0.0 0.0 0.0 1.0

AbstractShader: got Matrix4f: 1.0 0.0 0.0 0.0
0.0 1.0 0.0 0.0
0.0 0.0 1.0 0.0
0.0 0.0 0.0 1.0

AbstractShader: got boolean: true
AbstractShader: got Matrix4f: 1.0 0.0 0.0 0.0
0.0 1.0 0.0 0.0
0.0 0.0 1.0 0.0
0.0 0.0 0.0 1.0

AbstractShader: got boolean: true
AbstractShader: got Matrix4f: 0.052335974 0.0 0.9986295 0.0
0.0 1.0 0.0 -2.0
-0.9986295 0.0 0.052335974 -50.0
0.0 0.0 0.0 1.0

AbstractShader: got Matrix4f: 1.0 0.0 0.0 0.0
0.0 1.0 0.0 0.0
0.0 0.0 1.0 0.0
0.0 0.0 0.0 1.0

AbstractShader: got boolean: true
AbstractShader: got Matrix4f: 1.0 0.0 0.0 0.0
0.0 1.0 0.0 0.0
0.0 0.0 1.0 0.0
0.0 0.0 0.0 1.0

AbstractShader: got boolean: true
AbstractShader: got Matrix4f: 0.034899496 0.0 0.99939084 0.0
0.0 1.0 0.0 -2.0
-0.99939084 0.0 0.034899496 -50.0
0.0 0.0 0.0 1.0

AbstractShader: got Matrix4f: 1.0 0.0 0.0 0.0
0.0 1.0 0.0 0.0
0.0 0.0 1.0 0.0
0.0 0.0 0.0 1.0

AbstractShader: got boolean: true
AbstractShader: got Matrix4f: 1.0 0.0 0.0 0.0
0.0 1.0 0.0 0.0
0.0 0.0 1.0 0.0
0.0 0.0 0.0 1.0

AbstractShader: got boolean: true
AbstractShader: got Matrix4f: 0.017452383 0.0 0.9998477 0.0
0.0 1.0 0.0 -2.0
-0.9998477 0.0 0.017452383 -50.0
0.0 0.0 0.0 1.0

AbstractShader: got Matrix4f: 1.0 0.0 0.0 0.0
0.0 1.0 0.0 0.0
0.0 0.0 1.0 0.0
0.0 0.0 0.0 1.0

AbstractShader: got boolean: true
AbstractShader: got Matrix4f: 1.0 0.0 0.0 0.0
0.0 1.0 0.0 0.0
0.0 0.0 1.0 0.0
0.0 0.0 0.0 1.0

AbstractShader: got boolean: true
AbstractShader: got Matrix4f: -4.371139E-8 0.0 1.0 0.0
0.0 0.99999994 0.0 -2.0
-1.0 0.0 -4.371139E-8 -50.0
0.0 0.0 0.0 1.0

AbstractShader: got Matrix4f: 1.0 0.0 0.0 0.0
0.0 1.0 0.0 0.0
0.0 0.0 1.0 0.0
0.0 0.0 0.0 1.0

AbstractShader: got boolean: true
AbstractShader: got Matrix4f: 1.0 0.0 0.0 0.0
0.0 1.0 0.0 0.0
0.0 0.0 1.0 0.0
0.0 0.0 0.0 1.0

AbstractShader: got boolean: true
AbstractShader: got Matrix4f: -0.017452352 0.0 0.9998477 0.0
0.0 1.0 0.0 -2.0
-0.9998477 0.0 -0.017452352 -50.0
0.0 0.0 0.0 1.0

AbstractShader: got Matrix4f: 1.0 0.0 0.0 0.0
0.0 1.0 0.0 0.0
0.0 0.0 1.0 0.0
0.0 0.0 0.0 1.0

AbstractShader: got boolean: true
AbstractShader: got Matrix4f: 1.0 0.0 0.0 0.0
0.0 1.0 0.0 0.0
0.0 0.0 1.0 0.0
0.0 0.0 0.0 1.0

AbstractShader: got boolean: true
AbstractShader: got Matrix4f: -0.034899462 0.0 0.99939084 0.0
0.0 1.0 0.0 -2.0
-0.99939084 0.0 -0.034899462 -50.0
0.0 0.0 0.0 1.0

AbstractShader: got Matrix4f: 1.0 0.0 0.0 0.0
0.0 1.0 0.0 0.0
0.0 0.0 1.0 0.0
0.0 0.0 0.0 1.0

AbstractShader: got boolean: true
AbstractShader: got Matrix4f: 1.0 0.0 0.0 0.0
0.0 1.0 0.0 0.0
0.0 0.0 1.0 0.0
0.0 0.0 0.0 1.0

AbstractShader: got boolean: true
AbstractShader: got Matrix4f: -0.05233594 0.0 0.9986295 0.0
0.0 1.0 0.0 -2.0
-0.9986295 0.0 -0.05233594 -50.0
0.0 0.0 0.0 1.0

AbstractShader: got Matrix4f: 1.0 0.0 0.0 0.0
0.0 1.0 0.0 0.0
0.0 0.0 1.0 0.0
0.0 0.0 0.0 1.0

AbstractShader: got boolean: true
AbstractShader: got Matrix4f: 1.0 0.0 0.0 0.0
0.0 1.0 0.0 0.0
0.0 0.0 1.0 0.0
0.0 0.0 0.0 1.0

AbstractShader: got boolean: true
AbstractShader: got Matrix4f: -0.06975648 0.0 0.9975641 0.0
0.0 1.0 0.0 -2.0
-0.9975641 0.0 -0.06975648 -50.0
0.0 0.0 0.0 1.0

AbstractShader: got Matrix4f: 1.0 0.0 0.0 0.0
0.0 1.0 0.0 0.0
0.0 0.0 1.0 0.0
0.0 0.0 0.0 1.0

AbstractShader: got boolean: true
AbstractShader: got Matrix4f: 1.0 0.0 0.0 0.0
0.0 1.0 0.0 0.0
0.0 0.0 1.0 0.0
0.0 0.0 0.0 1.0

AbstractShader: got boolean: true
AbstractShader: got Matrix4f: -0.08715577 0.0 0.9961947 0.0
0.0 1.0 0.0 -2.0
-0.9961947 0.0 -0.08715577 -50.0
0.0 0.0 0.0 1.0

AbstractShader: got Matrix4f: 1.0 0.0 0.0 0.0
0.0 1.0 0.0 0.0
0.0 0.0 1.0 0.0
0.0 0.0 0.0 1.0

AbstractShader: got boolean: true
AbstractShader: got Matrix4f: 1.0 0.0 0.0 0.0
0.0 1.0 0.0 0.0
0.0 0.0 1.0 0.0
0.0 0.0 0.0 1.0

AbstractShader: got boolean: true
AbstractShader: got Matrix4f: -0.10452851 0.0 0.9945219 0.0
0.0 1.0 0.0 -2.0
-0.9945219 0.0 -0.10452851 -50.0
0.0 0.0 0.0 1.0

AbstractShader: got Matrix4f: 1.0 0.0 0.0 0.0
0.0 1.0 0.0 0.0
0.0 0.0 1.0 0.0
0.0 0.0 0.0 1.0

AbstractShader: got boolean: true
AbstractShader: got Matrix4f: 1.0 0.0 0.0 0.0
0.0 1.0 0.0 0.0
0.0 0.0 1.0 0.0
0.0 0.0 0.0 1.0

AbstractShader: got boolean: true
AbstractShader: got Matrix4f: -0.12186929 0.0 0.99254614 0.0
0.0 1.0 0.0 -2.0
-0.99254614 0.0 -0.12186929 -50.0
0.0 0.0 0.0 1.0

AbstractShader: got Matrix4f: 1.0 0.0 0.0 0.0
0.0 1.0 0.0 0.0
0.0 0.0 1.0 0.0
0.0 0.0 0.0 1.0

AbstractShader: got boolean: true
AbstractShader: got Matrix4f: 1.0 0.0 0.0 0.0
0.0 1.0 0.0 0.0
0.0 0.0 1.0 0.0
0.0 0.0 0.0 1.0

AbstractShader: got boolean: true
AbstractShader: got Matrix4f: -0.13917308 0.0 0.99026805 0.0
0.0 0.99999994 0.0 -2.0
-0.99026805 0.0 -0.13917308 -50.0
0.0 0.0 0.0 1.0

AbstractShader: got Matrix4f: 1.0 0.0 0.0 0.0
0.0 1.0 0.0 0.0
0.0 0.0 1.0 0.0
0.0 0.0 0.0 1.0

AbstractShader: got boolean: true
AbstractShader: got Matrix4f: 1.0 0.0 0.0 0.0
0.0 1.0 0.0 0.0
0.0 0.0 1.0 0.0
0.0 0.0 0.0 1.0

AbstractShader: got boolean: true
AbstractShader: got Matrix4f: -0.15643445 0.0 0.98768836 0.0
0.0 1.0 0.0 -2.0
-0.98768836 0.0 -0.15643445 -50.0
0.0 0.0 0.0 1.0

